Event Log,Precision Author's,Precision Replication,Fitness Author's,Fitness Replication,Size Author's,Size Replication
BPIC_2012,0.9405,0.33333333333333337,0.7044,0.21310975524816883,56,58
BPIC_2013_1,0.9758,1.0,0.8293,0.35574152192499997,26,25
BPIC_2013_2,0.9634,0.889921040408732,0.9254,0.5691791230360886,17,43
BPIC_2015_1,0.9501,0.42448450825866346,0.5627,0.23241735241366046,88,179
BPIC_2015_2,0.7418,0.3192612137203166,0.562,0.1933690771323141,98,353
BPIC_2015_3,0.9359,0.3293595137914913,0.6282,0.16594373767147097,96,123
BPIC_2015_4,0.9643,0.2974576271186441,0.5999,0.24268751423154367,173,398
BPIC_2015_5,0.749,0.2606987211545331,0.6095,0.2659663437980856,116,390
BPIC_2017,0.9786,0.1649536285329003,0.7724,0.3485402595588617,38,223
BPIC_2019,0.8881,0.9946864953664039,0.7608,0.0008787667387256287,9,36
BPIC_2020_1,0.7682,0.0,0.893,0.5259124412533992,34,132
BPIC_2020_2,0.9999,0.24081185844519415,0.916,0.6041311104738151,13,249
BPIC_2020_3,0.9577,0.0,0.8753,0.28658550660632215,26,216
BPIC_2020_4,0.7173,0.0,0.7988,0.23599770692293634,40,225
BPIC_2020_5,0.6084,0.11658223461659045,0.9252,0.5308299983970466,25,249
RTFMP,1.0,0.7836934230104731,0.8223,0.4802994261135065,14,31
SEPSIS,0.7707,0.6060312303500315,0.916,0.7420920486742134,30,190
