precision,size,averageFitness,File
0.6060312303500315,190,0.7420920486742134,SEPSIS.xes
0.24081185844519415,249,0.6041311104738151,BPIC_2020_2.xes
0.889921040408732,43,0.5691791230360886,BPIC_2013_2.xes
0.11658223461659045,249,0.5308299983970466,BPIC_2020_5.xes
0.0,132,0.5259124412533992,BPIC_2020_1.xes
0.7836934230104731,31,0.4802994261135065,RTFMP.xes
1.0,25,0.35574152192499997,BPIC_2013_1.xes
0.1649536285329003,223,0.3485402595588617,BPIC_2017.xes
0.0,216,0.28658550660632215,BPIC_2020_3.xes
0.2606987211545331,390,0.2659663437980856,BPIC_2015_5.xes
0.2974576271186441,398,0.24268751423154367,BPIC_2015_4.xes
0.0,225,0.23599770692293634,BPIC_2020_4.xes
0.42448450825866346,179,0.23241735241366046,BPIC_2015_1.xes
0.33333333333333337,58,0.21310975524816883,BPIC_2012.xes
0.3192612137203166,353,0.1933690771323141,BPIC_2015_2.xes
0.3293595137914913,123,0.16594373767147097,BPIC_2015_3.xes
0.9946864953664039,36,0.0008787667387256287,BPIC_2019.xes
